EDGE2 0 1 0.0 0.00 -0 50 0 0 50 0 100
EDGE2 1 2 0.032964 0.0038 0.213807 50 0 0 50 0 100
EDGE2 2 3 0.157243 0.023562 0.226892 50 0 0 50 0 100
EDGE2 3 4 0.197995 0.002232 0.0174542 50 0 0 50 0 100
EDGE2 4 7 0.027339 0.001917 0.122174 50 0 0 50 0 100
EDGE2 7 9 0.203688 0.017691 0.189327 50 0 0 50 0 100
EDGE2 9 10 0.140113 0.017997 0.177192 50 0 0 50 0 100
EDGE2 10 11 0.133484 0.010539 0.155703 50 0 0 50 0 100
EDGE2 11 12 0.244556 0.031493 0.329782 50 0 0 50 0 100
EDGE2 12 13 0.058022 0.007022 0.228938 50 0 0 50 0 100
EDGE2 13 14 0.212534 0.040547 0.347019 50 0 0 50 0 100
EDGE2 14 15 0.198228 0.025564 0.226812 50 0 0 50 0 100
EDGE2 15 16 0.328293 0.039309 0.226474 50 0 0 50 0 100
EDGE2 16 17 0.258685 0.018313 0.174401 50 0 0 50 0 100
EDGE2 17 18 0.347891 0.017993 0.0724238 50 0 0 50 0 100
EDGE2 18 19 0.367772 -0.001974 0.001228 50 0 0 50 0 100
EDGE2 19 20 0.343984 -0.002224 -0.0174542 50 0 0 50 0 100
EDGE2 20 21 0.547571 -0.006502 -0.0371141 50 0 0 50 0 100
EDGE2 21 22 0.44597 0.056848 0.211647 50 0 0 50 0 100
EDGE2 22 23 0.518596 -0.050642 -0.157079 50 0 0 50 0 100
EDGE2 23 24 0.544931 0.008262 -0.0512036 50 0 0 50 0 100
EDGE2 24 25 0.472079 0.03132 0.205805 50 0 0 50 0 100
EDGE2 25 26 0.49563 0.001386 -0.0472284 50 0 0 50 0 100
EDGE2 26 27 0.454652 -0.055643 -0.212091 50 0 0 50 0 100
EDGE2 27 28 0.496074 0.048578 0.241641 50 0 0 50 0 100
EDGE2 28 29 0.515159 0.018757 0.0376122 50 0 0 50 0 100
EDGE2 29 30 0.326019 0.001637 -0 50 0 0 50 0 100
EDGE2 30 31 0.422671 0.001901 0.0675989 50 0 0 50 0 100
EDGE2 31 32 0.546547 0.017935 0.004526 50 0 0 50 0 100
EDGE2 32 33 0.509728 -0.031559 -0.0721257 50 0 0 50 0 100
EDGE2 33 34 0.495326 0.016136 0.05236 50 0 0 50 0 100
EDGE2 34 35 0.339074 -0.001553 -0.0174542 50 0 0 50 0 100
EDGE2 35 36 0.393326 -0.0024 -0 50 0 0 50 0 100
EDGE2 36 37 0.417565 -0.015882 -0.162914 50 0 0 50 0 100
EDGE2 37 38 0.331271 -0.013164 0.0464482 50 0 0 50 0 100
EDGE2 38 39 0.470376 0.062428 0.241438 50 0 0 50 0 100
EDGE2 39 40 0.461034 -0.021237 -0.217746 50 0 0 50 0 100
EDGE2 40 41 0.26586 -0.017088 -0.0643031 50 0 0 50 0 100
EDGE2 41 42 0.418242 0.022291 0.10472 50 0 0 50 0 100
EDGE2 42 43 0.522095 0.017241 0.0698122 50 0 0 50 0 100
EDGE2 43 44 0.410087 -0.033001 -0.267289 50 0 0 50 0 100
EDGE2 44 45 0.279627 -0.041043 -0.132449 50 0 0 50 0 100
EDGE2 45 46 0.267323 0.035878 0.210171 50 0 0 50 0 100
EDGE2 46 47 0.214889 0.007161 0.0324894 50 0 0 50 0 100
EDGE2 47 48 0.341444 -0.016774 -0.0698142 50 0 0 50 0 100
EDGE2 48 49 0.46793 0.061722 0.171338 50 0 0 50 0 100
EDGE2 49 50 0.373275 -0.032138 -0.115915 50 0 0 50 0 100
EDGE2 50 51 0.402474 -0.012985 -0.187657 50 0 0 50 0 100
EDGE2 51 52 0.339384 -0.00669 0.0219024 50 0 0 50 0 100
EDGE2 52 53 0.319471 0.067422 0.368257 50 0 0 50 0 100
EDGE2 53 54 0.470478 0.001881 -0.0310333 50 0 0 50 0 100
EDGE2 54 55 0.312823 -0.031328 -0.255837 50 0 0 50 0 100
EDGE2 55 56 0.350872 -0.01195 0.0732304 50 0 0 50 0 100
EDGE2 56 57 0.430102 0.073406 0.220957 50 0 0 50 0 100
EDGE2 57 58 0.456581 -0.020834 -0.174654 50 0 0 50 0 100
EDGE2 58 59 0.275564 -0.006009 -0.0698002 50 0 0 50 0 100
EDGE2 59 60 0.477673 -0.021167 -0.12745 50 0 0 50 0 100
EDGE2 60 61 0.508387 0.022928 0.141566 50 0 0 50 0 100
EDGE2 61 62 0.484695 0.032938 0.178248 50 0 0 50 0 100
EDGE2 62 63 0.461023 0.038988 -0.00722202 50 0 0 50 0 100
EDGE2 63 64 0.266857 -0.041691 -0.223384 50 0 0 50 0 100
EDGE2 64 65 0.452168 0.037194 0.157079 50 0 0 50 0 100
EDGE2 65 66 0.466703 -0.032991 -0.230246 50 0 0 50 0 100
EDGE2 66 67 0.396683 -0.045827 -0.117413 50 0 0 50 0 100
EDGE2 67 68 0.393377 0.061706 0.331765 50 0 0 50 0 100
EDGE2 68 69 0.508474 0.004351 -0.0966596 50 0 0 50 0 100
EDGE2 69 70 0.461962 -0.032153 0.010226 50 0 0 50 0 100
EDGE2 70 71 0.341368 0.019944 -0.0397186 50 0 0 50 0 100
EDGE2 71 72 0.24959 -0.037402 -0.205958 50 0 0 50 0 100
EDGE2 72 73 0.392172 0.054997 0.233099 50 0 0 50 0 100
EDGE2 73 74 0.544121 0.067245 0.184721 50 0 0 50 0 100
EDGE2 74 75 0.485088 -0.023493 -0.212469 50 0 0 50 0 100
EDGE2 75 76 0.298264 -0.043559 -0.152373 50 0 0 50 0 100
EDGE2 76 77 0.134026 0.018989 0.359159 50 0 0 50 0 100
EDGE2 77 79 0.353111 -0.005033 -0.0766388 50 0 0 50 0 100
EDGE2 79 80 0.26375 -0.031448 -0.232918 50 0 0 50 0 100
EDGE2 80 81 0.150959 -0.004468 -0.0325454 50 0 0 50 0 100
EDGE2 81 82 0.157625 0.029916 0.347784 50 0 0 50 0 100
EDGE2 82 83 0.020336 0.000557 0.209439 50 0 0 50 0 100
EDGE2 83 85 0.105824 0.004797 0.222267 50 0 0 50 0 100
EDGE2 85 86 0.001362 0.000614 0.231519 50 0 0 50 0 100
EDGE2 86 87 0.002848 -2.1e-05 0.12413 50 0 0 50 0 100
EDGE2 87 88 0.024107 0.000854 0.415386 50 0 0 50 0 100
EDGE2 88 89 0.048811 0.005854 0.277613 50 0 0 50 0 100
EDGE2 89 90 0.026732 0.001493 0.107896 50 0 0 50 0 100
EDGE2 90 91 0.088771 0.012516 0.22984 50 0 0 50 0 100
EDGE2 91 92 0.046017 0.004122 0.206493 50 0 0 50 0 100
EDGE2 92 94 0.031485 0.001085 0.196814 50 0 0 50 0 100
EDGE2 94 95 0.197605 0.042648 0.291879 50 0 0 50 0 100
EDGE2 95 96 0.099817 0.002885 0.160167 50 0 0 50 0 100
EDGE2 96 97 0.144119 0.016467 0.156662 50 0 0 50 0 100
EDGE2 97 98 0.32128 0.005571 -0.002672 50 0 0 50 0 100
EDGE2 98 99 0.53117 -0.024549 -0.0872657 50 0 0 50 0 100
EDGE2 99 100 0.452999 0.017385 0.05236 50 0 0 50 0 100
EDGE2 100 101 0.323051 0.032447 0.265087 50 0 0 50 0 100
EDGE2 101 102 0.422182 0.005667 -0.0689577 50 0 0 50 0 100
EDGE2 102 103 0.408495 -0.047137 -0.13996 50 0 0 50 0 100
EDGE2 103 104 0.527008 0.064865 0.239198 50 0 0 50 0 100
EDGE2 104 105 0.51553 -0.012394 -0.160045 50 0 0 50 0 100
EDGE2 105 106 0.482964 -0.025845 0.0143481 50 0 0 50 0 100
EDGE2 106 107 0.547361 0.031793 0.0203383 50 0 0 50 0 100
EDGE2 107 108 0.531286 -0.016568 -0.0303812 50 0 0 50 0 100
EDGE2 108 109 0.519373 -0.00256 -0 50 0 0 50 0 100
EDGE2 109 110 0.531935 -0.00319 -0 50 0 0 50 0 100
EDGE2 110 111 0.547998 -0.007853 -0.0174542 50 0 0 50 0 100
EDGE2 111 112 0.482035 -0.000854 -0 50 0 0 50 0 100
EDGE2 112 113 0.501568 -0.000276 -0 50 0 0 50 0 100
EDGE2 113 114 0.548256 0.000113 -0 50 0 0 50 0 100
EDGE2 114 115 0.532494 0.004866 -0 50 0 0 50 0 100
EDGE2 115 116 0.547949 0.010214 0.0174542 50 0 0 50 0 100
EDGE2 116 117 0.552308 -0.001234 -0.0174542 50 0 0 50 0 100
EDGE2 117 118 0.564933 -0.000148 -0 50 0 0 50 0 100
EDGE2 118 119 0.549294 -0.007822 -0.05236 50 0 0 50 0 100
EDGE2 119 120 0.530804 -0.033757 -0.121877 50 0 0 50 0 100
EDGE2 120 121 0.39854 0.030536 0.273962 50 0 0 50 0 100
EDGE2 121 122 0.306163 0.011313 -0.0778337 50 0 0 50 0 100
EDGE2 122 123 0.439933 -0.038798 -0.109156 50 0 0 50 0 100
EDGE2 123 124 0.56721 0.007965 0.0349058 50 0 0 50 0 100
EDGE2 124 125 0.531287 0.032033 0.135199 50 0 0 50 0 100
EDGE2 125 126 0.514788 0.005595 0.0218804 50 0 0 50 0 100
EDGE2 126 127 0.531939 0.000224 -0.0422832 50 0 0 50 0 100
EDGE2 127 128 0.516861 -0.042311 -0.114797 50 0 0 50 0 100
EDGE2 128 129 0.498336 0.003956 0.0174542 50 0 0 50 0 100
EDGE2 129 130 0.548137 -0.002166 -0 50 0 0 50 0 100
EDGE2 130 131 0.489461 -0.000411 0.0128981 50 0 0 50 0 100
EDGE2 131 132 0.512245 0.003312 0.0220084 50 0 0 50 0 100
EDGE2 132 133 0.499743 -0.001141 -0.00152 50 0 0 50 0 100
EDGE2 133 134 0.565796 -0.016391 -0.0508395 50 0 0 50 0 100
EDGE2 134 135 0.533064 -0.024369 -0.106755 50 0 0 50 0 100
EDGE2 135 136 0.546488 -0.042928 -0.120138 50 0 0 50 0 100
EDGE2 136 137 0.387795 -0.028272 -0.250585 50 0 0 50 0 100
EDGE2 137 138 0.095997 -0.01045 -0.399832 50 0 0 50 0 100
EDGE2 138 139 0.083178 -0.013981 -0.152434 50 0 0 50 0 100
EDGE2 139 140 0.374399 0.002188 -0.0223445 50 0 0 50 0 100
EDGE2 140 141 0.440937 -0.05586 -0.145895 50 0 0 50 0 100
EDGE2 141 142 0.152949 0.038053 0.418188 50 0 0 50 0 100
EDGE2 142 143 0.064135 0.013496 0.360916 50 0 0 50 0 100
EDGE2 143 144 0.142211 0.000836 0.0413569 50 0 0 50 0 100
EDGE2 144 146 0.208589 0.036226 0.185536 50 0 0 50 0 100
EDGE2 146 147 0.338959 0.001673 -0 50 0 0 50 0 100
EDGE2 146 186 0.325389 -0.232171 -0.0580682 50 0 0 50 0 100
EDGE2 147 151 0.129145 0.002155 0.0218444 50 0 0 50 0 100
EDGE2 147 186 -0.022527 -0.254087 -0.0542426 50 0 0 50 0 100
EDGE2 151 152 0.408557 0.006274 0.0305152 50 0 0 50 0 100
EDGE2 152 153 0.518055 0.00478 0.0174542 50 0 0 50 0 100
EDGE2 153 154 0.567206 0.000632 0.0107481 50 0 0 50 0 100
EDGE2 153 189 0.50442 -0.275335 -0.00387 50 0 0 50 0 100
EDGE2 154 155 0.529387 0.004726 0.00670401 50 0 0 50 0 100
EDGE2 155 156 0.500098 0.002072 -0 50 0 0 50 0 100
EDGE2 156 157 0.428509 0.007428 0.120052 50 0 0 50 0 100
EDGE2 157 158 0.35628 0.035376 0.106841 50 0 0 50 0 100
EDGE2 158 159 0.449426 0.004952 0.131637 50 0 0 50 0 100
EDGE2 1 159 -0.077207 0.146307 -0.048828 50 0 0 50 0 100
EDGE2 159 161 0.102692 0.006994 0.112011 50 0 0 50 0 100
EDGE2 161 162 0.118302 0.022531 0.256583 50 0 0 50 0 100
EDGE2 162 163 0.38655 0.03684 0.215297 50 0 0 50 0 100
EDGE2 162 195 -0.150603 -0.186599 0.134778 50 0 0 50 0 100
EDGE2 163 164 0.230157 0.035102 0.395847 50 0 0 50 0 100
EDGE2 164 165 0.239033 0.050895 0.319815 50 0 0 50 0 100
EDGE2 165 166 0.258313 0.016897 0.226307 50 0 0 50 0 100
EDGE2 166 167 0.133452 0.033173 0.355753 50 0 0 50 0 100
EDGE2 167 168 0.297573 0.045771 0.331794 50 0 0 50 0 100
EDGE2 168 169 0.251275 0.02745 0.209451 50 0 0 50 0 100
EDGE2 169 170 0.483105 0.033976 0.0460441 50 0 0 50 0 100
EDGE2 17 170 -0.195976 0.16346 -0.0656759 50 0 0 50 0 100
EDGE2 170 171 0.494552 0.043843 0.156825 50 0 0 50 0 100
EDGE2 171 172 0.34182 -0.021918 -0.104465 50 0 0 50 0 100
EDGE2 172 173 0.537671 0.026795 0.0872657 50 0 0 50 0 100
EDGE2 173 174 0.414391 0.021701 0.158125 50 0 0 50 0 100
EDGE2 174 175 0.558613 0.051643 0.156034 50 0 0 50 0 100
EDGE2 175 176 0.433715 0.052024 0.310998 50 0 0 50 0 100
EDGE2 176 177 0.511369 0.042897 0.0904268 50 0 0 50 0 100
EDGE2 177 178 0.529189 0.012735 0.114298 50 0 0 50 0 100
EDGE2 178 179 0.398295 0.05351 0.306166 50 0 0 50 0 100
EDGE2 179 180 0.469118 0.022333 0.0333215 50 0 0 50 0 100
EDGE2 180 181 0.372508 0.033041 0.307113 50 0 0 50 0 100
EDGE2 181 182 0.162402 0.036791 0.435489 50 0 0 50 0 100
EDGE2 182 183 0.015885 0.000648 0.425621 50 0 0 50 0 100
EDGE2 183 184 0.093134 0.024518 0.3874 50 0 0 50 0 100
EDGE2 184 185 0.406773 0.044099 0.192622 50 0 0 50 0 100
EDGE2 185 186 0.543223 0.047956 0.191169 50 0 0 50 0 100
EDGE2 186 187 0.50155 0.011114 0.0328055 50 0 0 50 0 100
EDGE2 187 188 0.532771 0.020109 0.05236 50 0 0 50 0 100
EDGE2 188 189 0.497799 0.081213 0.0174542 50 0 0 50 0 100
EDGE2 189 190 0.499933 0.001715 -0 50 0 0 50 0 100
EDGE2 190 191 0.550581 0.003628 0.0174542 50 0 0 50 0 100
EDGE2 191 192 0.540788 -0.002939 0.0149321 50 0 0 50 0 100
EDGE2 192 193 0.306285 0.057095 0.366955 50 0 0 50 0 100
EDGE2 193 194 0.446599 0.036624 0.201157 50 0 0 50 0 100
EDGE2 194 195 0.247776 0.018815 0.298165 50 0 0 50 0 100
EDGE2 195 196 0.223398 0.046709 0.327384 50 0 0 50 0 100
EDGE2 196 197 0.297755 0.047836 0.410116 50 0 0 50 0 100
EDGE2 197 198 0.105156 0.025611 0.390125 50 0 0 50 0 100
EDGE2 198 199 0.292866 0.035864 0.285658 50 0 0 50 0 100
EDGE2 199 200 0.149556 0.012063 0.114062 50 0 0 50 0 100
EDGE2 200 201 0.300683 0.007732 0.0796511 50 0 0 50 0 100
EDGE2 201 202 0.308034 0.057235 0.288067 50 0 0 50 0 100
EDGE2 170 202 -0.125644 0.085359 -0.0648587 50 0 0 50 0 100
EDGE2 202 203 0.461087 -0.001873 -0.0186503 50 0 0 50 0 100
EDGE2 203 204 0.451297 0.014324 0.05236 50 0 0 50 0 100
EDGE2 20 204 -0.31844 0.234973 -0.146388 50 0 0 50 0 100
EDGE2 204 205 0.191142 1e-05 -0 50 0 0 50 0 100