EDGE2 0 1 0.0 0.00 -0 50 0 0 50 0 100
EDGE2 1 7 0.167316 0.00686 0.0360879 50 0 0 50 0 100
EDGE2 7 8 0.162277 -0.003628 0.0836504 50 0 0 50 0 100
EDGE2 8 9 0.211671 0.038082 0.195762 50 0 0 50 0 100
EDGE2 9 10 0.213481 0.001426 0.100681 50 0 0 50 0 100
EDGE2 10 11 0.033993 0.001389 0.281949 50 0 0 50 0 100
EDGE2 11 12 0.055266 0.00431 -0.948038 50 0 0 50 0 100
EDGE2 12 13 0.081146 0.252908 1.2971 50 0 0 50 0 100
EDGE2 13 17 0.098725 0.00283 0.138429 50 0 0 50 0 100
EDGE2 17 19 0.237283 0.023638 0.295445 50 0 0 50 0 100
EDGE2 19 20 0.146166 0.008138 0.121907 50 0 0 50 0 100
EDGE2 20 21 0.196686 0.017821 0.19176 50 0 0 50 0 100
EDGE2 21 22 0.164795 0.02006 0.299658 50 0 0 50 0 100
EDGE2 22 23 0.108561 0.022652 0.328278 50 0 0 50 0 100
EDGE2 23 24 0.223412 0.033214 0.314606 50 0 0 50 0 100
EDGE2 24 25 0.258492 0.028157 0.226804 50 0 0 50 0 100
EDGE2 25 26 0.299565 0.017176 0.123306 50 0 0 50 0 100
EDGE2 26 27 0.341852 0.047242 0.193829 50 0 0 50 0 100
EDGE2 27 28 0.352654 0.003309 0.0174542 50 0 0 50 0 100
EDGE2 28 29 0.273123 -0.000543 -0 50 0 0 50 0 100
EDGE2 29 30 0.474666 -0.006786 -0.0174542 50 0 0 50 0 100
EDGE2 30 31 0.483507 -0.006713 0.0656338 50 0 0 50 0 100
EDGE2 31 32 0.499041 0.040183 0.00880603 50 0 0 50 0 100
EDGE2 32 33 0.537384 -0.023574 -0.0232645 50 0 0 50 0 100
EDGE2 33 34 0.505907 -0.025304 -0.0560233 50 0 0 50 0 100
EDGE2 34 35 0.45554 0.061456 0.17938 50 0 0 50 0 100
EDGE2 35 36 0.419187 -0.012245 -0.135899 50 0 0 50 0 100
EDGE2 36 37 0.53585 -0.040597 -0.0735406 50 0 0 50 0 100
EDGE2 37 38 0.439051 0.056937 0.226892 50 0 0 50 0 100
EDGE2 38 39 0.456165 0.002151 -0 50 0 0 50 0 100
EDGE2 39 40 0.344642 0.001907 -0 50 0 0 50 0 100
EDGE2 40 41 0.466795 0.015613 0.10472 50 0 0 50 0 100
EDGE2 41 42 0.564477 -0.010224 -0.0940606 50 0 0 50 0 100
EDGE2 42 43 0.500696 -0.006928 0.00995004 50 0 0 50 0 100
EDGE2 43 44 0.451465 0.011084 0.0317493 50 0 0 50 0 100
EDGE2 44 45 0.301497 -0.003505 -0.0174542 50 0 0 50 0 100
EDGE2 45 46 0.416019 -0.001675 -0 50 0 0 50 0 100
EDGE2 46 47 0.403151 -0.033533 -0.244345 50 0 0 50 0 100
EDGE2 47 48 0.372493 0.033052 0.21222 50 0 0 50 0 100
EDGE2 48 49 0.493098 0.053692 0.186474 50 0 0 50 0 100
EDGE2 49 50 0.357927 -0.046713 -0.311429 50 0 0 50 0 100
EDGE2 50 51 0.305171 -0.000309 0.0246586 50 0 0 50 0 100
EDGE2 51 52 0.480158 0.027234 0.100018 50 0 0 50 0 100
EDGE2 52 53 0.472317 0.013038 0.0474124 50 0 0 50 0 100
EDGE2 53 54 0.356882 -0.046544 -0.334165 50 0 0 50 0 100
EDGE2 54 55 0.289363 -0.026076 -0.00734601 50 0 0 50 0 100
EDGE2 55 56 0.302648 0.038722 0.189363 50 0 0 50 0 100
EDGE2 56 57 0.232924 -0.001074 -0.0358879 50 0 0 50 0 100
EDGE2 57 58 0.419536 -0.002846 0.0888072 50 0 0 50 0 100
EDGE2 58 59 0.487988 0.013138 -0.0903147 50 0 0 50 0 100
EDGE2 59 60 0.369393 0.011377 0.0148181 50 0 0 50 0 100
EDGE2 60 61 0.385608 -0.054013 -0.206804 50 0 0 50 0 100
EDGE2 61 62 0.269173 0.015336 0.201933 50 0 0 50 0 100
EDGE2 62 63 0.33526 0.057006 0.251853 50 0 0 50 0 100
EDGE2 63 64 0.469699 -0.026646 -0.126857 50 0 0 50 0 100
EDGE2 64 65 0.311756 -0.05065 -0.274568 50 0 0 50 0 100
EDGE2 65 66 0.420361 0.064176 0.333765 50 0 0 50 0 100
EDGE2 66 67 0.534972 0.017788 -0.0340797 50 0 0 50 0 100
EDGE2 67 68 0.316377 -0.026236 -0.109623 50 0 0 50 0 100
EDGE2 68 69 0.425386 -0.030316 -0.134567 50 0 0 50 0 100
EDGE2 69 70 0.48807 -0.016963 -0.0187203 50 0 0 50 0 100
EDGE2 70 71 0.423964 0.037724 0.174586 50 0 0 50 0 100
EDGE2 71 72 0.529453 0.066996 0.25817 50 0 0 50 0 100
EDGE2 72 73 0.305447 -0.046137 -0.333303 50 0 0 50 0 100
EDGE2 73 74 0.339901 -0.007957 0.0280609 50 0 0 50 0 100
EDGE2 74 75 0.526218 0.028348 0.00720002 50 0 0 50 0 100
EDGE2 75 76 0.334923 -0.049864 -0.293662 50 0 0 50 0 100
EDGE2 76 77 0.43829 0.015391 0.1586 50 0 0 50 0 100
EDGE2 77 78 0.461727 0.078506 0.225373 50 0 0 50 0 100
EDGE2 78 79 0.441185 -0.049193 -0.244345 50 0 0 50 0 100
EDGE2 79 80 0.444763 0.045969 0.225741 50 0 0 50 0 100
EDGE2 80 81 0.294657 -0.042672 -0.331504 50 0 0 50 0 100
EDGE2 81 82 0.267889 0.007204 0.106689 50 0 0 50 0 100
EDGE2 82 83 0.47077 0.053058 0.226925 50 0 0 50 0 100
EDGE2 83 84 0.516239 0.032557 0.0616038 50 0 0 50 0 100
EDGE2 84 85 0.395931 -0.054154 -0.345043 50 0 0 50 0 100
EDGE2 85 86 0.277294 -0.00284 0.167666 50 0 0 50 0 100
EDGE2 86 87 0.08215 0.009773 0.167175 50 0 0 50 0 100
EDGE2 87 88 0.154621 0.002357 -0 50 0 0 50 0 100
EDGE2 88 89 0.330469 -0.027118 -0.194376 50 0 0 50 0 100
EDGE2 89 90 0.224611 -0.023824 -0.137238 50 0 0 50 0 100
EDGE2 90 91 0.110889 0.010731 0.215931 50 0 0 50 0 100
EDGE2 91 92 0.088926 0.007659 0.274961 50 0 0 50 0 100
EDGE2 92 94 0.106255 0.011915 0.222672 50 0 0 50 0 100
EDGE2 94 95 0.000935 0.000564 0.190052 50 0 0 50 0 100
EDGE2 95 96 0.001207 -0.000309 0.230848 50 0 0 50 0 100
EDGE2 96 97 0.026228 0.001083 0.214328 50 0 0 50 0 100
EDGE2 97 98 0.024014 0.006639 0.313435 50 0 0 50 0 100
EDGE2 98 99 0.050132 0.007349 0.275089 50 0 0 50 0 100
EDGE2 99 100 0.065209 0.006968 0.19401 50 0 0 50 0 100
EDGE2 100 101 0.053494 0.003471 0.143623 50 0 0 50 0 100
EDGE2 101 102 0.043481 0.003719 0.185968 50 0 0 50 0 100
EDGE2 102 104 0.095961 0.025333 0.33487 50 0 0 50 0 100
EDGE2 104 105 0.199951 0.011415 0.182951 50 0 0 50 0 100
EDGE2 105 106 0.10216 0.013654 0.18031 50 0 0 50 0 100
EDGE2 106 107 0.231083 0.008114 0.0349058 50 0 0 50 0 100
EDGE2 107 108 0.539568 -0.020428 -0.10472 50 0 0 50 0 100
EDGE2 108 109 0.494263 0.013269 0.05236 50 0 0 50 0 100
EDGE2 109 110 0.389853 0.025489 0.247537 50 0 0 50 0 100
EDGE2 110 111 0.406769 0.014571 -0.0165502 50 0 0 50 0 100
EDGE2 111 112 0.380775 -0.04965 -0.180571 50 0 0 50 0 100
EDGE2 112 113 0.510443 0.048925 0.215569 50 0 0 50 0 100
EDGE2 113 114 0.516619 0.010933 -0.055203 50 0 0 50 0 100
EDGE2 114 115 0.419815 -0.051086 -0.136408 50 0 0 50 0 100
EDGE2 115 116 0.538773 0.061507 0.135065 50 0 0 50 0 100
EDGE2 116 117 0.532351 -0.029799 -0.0698142 50 0 0 50 0 100
EDGE2 117 118 0.499416 -0.002674 -0 50 0 0 50 0 100
EDGE2 118 119 0.548624 -0.002233 -0 50 0 0 50 0 100
EDGE2 119 120 0.501003 -0.004839 -0.0174542 50 0 0 50 0 100
EDGE2 120 121 0.479395 -0.001113 -0 50 0 0 50 0 100
EDGE2 121 122 0.53389 -0.001238 -0 50 0 0 50 0 100
EDGE2 122 123 0.501276 -0.000276 -0 50 0 0 50 0 100
EDGE2 123 124 0.514873 0.003957 -0 50 0 0 50 0 100
EDGE2 124 125 0.533322 0.005058 0.0174542 50 0 0 50 0 100
EDGE2 125 126 0.533773 0.0041 -0 50 0 0 50 0 100
EDGE2 126 127 0.51561 -0.007997 -0.0174542 50 0 0 50 0 100
EDGE2 127 128 0.549119 0.002041 -6.6e-05 50 0 0 50 0 100
EDGE2 128 129 0.498998 -0.021847 -0.104654 50 0 0 50 0 100
EDGE2 129 130 0.553944 -0.023659 -0.0347538 50 0 0 50 0 100
EDGE2 130 131 0.313107 0.058225 0.314006 50 0 0 50 0 100
EDGE2 131 132 0.343485 -0.046622 -0.261799 50 0 0 50 0 100
EDGE2 132 133 0.541677 0.005347 0.0174542 50 0 0 50 0 100
EDGE2 133 134 0.531411 0.009948 0.0757781 50 0 0 50 0 100
EDGE2 134 135 0.517503 0.024321 0.0813024 50 0 0 50 0 100
EDGE2 135 136 0.500477 0.009669 0.0174542 50 0 0 50 0 100
EDGE2 136 137 0.497539 -0.013461 -0.106106 50 0 0 50 0 100
EDGE2 137 138 0.516045 -0.023795 -0.0509735 50 0 0 50 0 100
EDGE2 138 139 0.531638 0.006925 0.0174542 50 0 0 50 0 100
EDGE2 139 140 0.499791 -0.000935 -0 50 0 0 50 0 100
EDGE2 140 141 0.452142 0.001269 0.0174542 50 0 0 50 0 100
EDGE2 141 142 0.533183 0.003558 0.0174542 50 0 0 50 0 100
EDGE2 142 143 0.515408 -0.003288 -0.0182622 50 0 0 50 0 100
EDGE2 143 144 0.532378 -0.012741 -0.0646773 50 0 0 50 0 100
EDGE2 144 145 0.516247 -0.020811 -0.110955 50 0 0 50 0 100
EDGE2 145 146 0.516933 -0.030597 -0.0938584 50 0 0 50 0 100
EDGE2 146 147 0.360807 -0.038326 -0.329318 50 0 0 50 0 100
EDGE2 147 148 0.051381 -0.003631 -0.406532 50 0 0 50 0 100
EDGE2 148 149 0.166798 -0.010217 -0.0585023 50 0 0 50 0 100
EDGE2 149 150 0.481747 -0.012987 -0.144085 50 0 0 50 0 100
EDGE2 150 151 0.303418 -0.008196 0.15197 50 0 0 50 0 100
EDGE2 151 152 0.126826 0.017271 0.382194 50 0 0 50 0 100
EDGE2 151 193 -0.00112 -0.225492 0.029373 50 0 0 50 0 100
EDGE2 152 153 0.089073 0.016232 0.238241 50 0 0 50 0 100
EDGE2 153 154 0.109354 -0.000212 0.10472 50 0 0 50 0 100
EDGE2 154 155 0.041678 0.002376 0.102473 50 0 0 50 0 100
EDGE2 155 156 0.337676 0.002031 0.002248 50 0 0 50 0 100
EDGE2 156 196 0.139645 -0.25519 -0.0498712 50 0 0 50 0 100
EDGE2 156 157 0.197695 0.000849 -0 50 0 0 50 0 100
EDGE2 157 196 -0.061921 -0.250443 -0.052426 50 0 0 50 0 100
EDGE2 157 161 0.174438 0.004492 0.0349058 50 0 0 50 0 100
EDGE2 161 162 0.47793 0.003204 0.0174542 50 0 0 50 0 100
EDGE2 162 198 0.349193 -0.306344 0.0119141 50 0 0 50 0 100
EDGE2 162 163 0.515914 0.00838 0.0174542 50 0 0 50 0 100
EDGE2 163 164 0.532365 0.002887 0.0174542 50 0 0 50 0 100
EDGE2 164 165 0.499346 0.001081 -0 50 0 0 50 0 100
EDGE2 165 166 0.514262 0.002429 -0 50 0 0 50 0 100
EDGE2 1 166 -1.05265 -2.15251 -0.0835282 50 0 0 50 0 100
EDGE2 166 167 0.35956 0.010511 0.16183 50 0 0 50 0 100
EDGE2 167 168 0.376769 0.024718 0.0650635 50 0 0 50 0 100
EDGE2 168 203 -0.125992 -0.306926 0.11864 50 0 0 50 0 100
EDGE2 168 169 0.399864 0.005149 0.131637 50 0 0 50 0 100
EDGE2 169 171 0.102692 0.006994 0.112011 50 0 0 50 0 100
EDGE2 12 171 0.02072 0.55779 -0.369948 50 0 0 50 0 100
EDGE2 171 205 -0.01098 -0.179555 0.39596 50 0 0 50 0 100
EDGE2 171 172 0.118302 0.022531 0.256583 50 0 0 50 0 100
EDGE2 172 205 -0.153157 -0.16689 0.128977 50 0 0 50 0 100
EDGE2 172 173 0.38655 0.03684 0.215297 50 0 0 50 0 100
EDGE2 173 174 0.230157 0.035102 0.395847 50 0 0 50 0 100
EDGE2 174 175 0.239033 0.050895 0.319815 50 0 0 50 0 100
EDGE2 175 176 0.258313 0.016897 0.226307 50 0 0 50 0 100
EDGE2 176 177 0.133452 0.033173 0.355753 50 0 0 50 0 100
EDGE2 177 178 0.297573 0.045771 0.331794 50 0 0 50 0 100
EDGE2 24 178 -2.00602 -2.7773 -0.320738 50 0 0 50 0 100
EDGE2 178 179 0.251275 0.02745 0.209451 50 0 0 50 0 100
EDGE2 178 210 -0.218763 0.638389 -0.180917 50 0 0 50 0 100
EDGE2 179 180 0.495362 0.034547 0.0460441 50 0 0 50 0 100
EDGE2 180 181 0.482281 0.043837 0.156825 50 0 0 50 0 100
EDGE2 181 182 0.34182 -0.021918 -0.104465 50 0 0 50 0 100
EDGE2 182 183 0.537671 0.026795 0.0872657 50 0 0 50 0 100
EDGE2 183 184 0.414391 0.021701 0.158125 50 0 0 50 0 100
EDGE2 184 185 0.558613 0.051643 0.156034 50 0 0 50 0 100
EDGE2 185 186 0.460772 0.060411 0.333258 50 0 0 50 0 100
EDGE2 186 187 0.483885 0.032429 0.0681672 50 0 0 50 0 100
EDGE2 187 188 0.56062 0.016699 0.129765 50 0 0 50 0 100
EDGE2 188 189 0.403199 0.058581 0.307822 50 0 0 50 0 100
EDGE2 189 190 0.49593 0.014971 0.0162002 50 0 0 50 0 100
EDGE2 190 191 0.326401 0.039746 0.357358 50 0 0 50 0 100
EDGE2 191 192 0.153052 0.032039 0.420816 50 0 0 50 0 100
EDGE2 192 193 0.009206 0.001343 0.416373 50 0 0 50 0 100
EDGE2 193 194 0.106652 0.028168 0.373243 50 0 0 50 0 100
EDGE2 194 195 0.391371 0.038874 0.180457 50 0 0 50 0 100
EDGE2 195 196 0.543223 0.047956 0.191169 50 0 0 50 0 100
EDGE2 196 197 0.50155 0.011114 0.0328055 50 0 0 50 0 100
EDGE2 197 198 0.532771 0.020109 0.05236 50 0 0 50 0 100
EDGE2 198 199 0.497799 0.081213 0.0174542 50 0 0 50 0 100
EDGE2 199 200 0.499933 0.001715 -0 50 0 0 50 0 100
EDGE2 200 201 0.550581 0.003628 0.0174542 50 0 0 50 0 100
EDGE2 201 202 0.540788 -0.002939 0.0149321 50 0 0 50 0 100
EDGE2 202 203 0.306285 0.057095 0.366955 50 0 0 50 0 100
EDGE2 203 204 0.446599 0.036624 0.201157 50 0 0 50 0 100
EDGE2 204 205 0.247776 0.018815 0.298165 50 0 0 50 0 100
EDGE2 205 206 0.223398 0.046709 0.327384 50 0 0 50 0 100
EDGE2 206 207 0.297755 0.047836 0.410116 50 0 0 50 0 100
EDGE2 207 208 0.093168 0.020622 0.36962 50 0 0 50 0 100
EDGE2 208 209 0.286049 0.035991 0.271215 50 0 0 50 0 100
EDGE2 209 210 0.155379 0.0163 0.14901 50 0 0 50 0 100
EDGE2 210 211 0.225045 0.001916 0.0506374 50 0 0 50 0 100
EDGE2 211 212 0.293511 0.034179 0.279996 50 0 0 50 0 100
EDGE2 26 212 -1.92638 -2.77841 -0.330985 50 0 0 50 0 100
EDGE2 212 213 0.441696 0.016243 0.0184323 50 0 0 50 0 100
EDGE2 213 214 0.479279 0.009346 0.05236 50 0 0 50 0 100
EDGE2 214 215 0.267031 0.000634 -0 50 0 0 50 0 100
EDGE2 182 215 -0.060102 0.021136 -0.0302808 50 0 0 50 0 100
EDGE2 215 219 0.112202 0.003292 0.05236 50 0 0 50 0 100
